1-1: [14, 0, 0, 0]
1-2: [12, 100, 0, 0]
1-3: [17, 65436, 0, 0]
1-4: [65535, 0, 0, 0]

2-1: [14, 0, 0, 0]
2-2: [16, 65436, 0, 0]
2-3: [13, 180, 0, 0]
2-4: [20, 100, 0, 0]

3-1: [14, 0, 0, 0]
3-2: [19, 100, 0, 0]
3-3: [17, 180, 0, 0]
3-4: [25, 65436, 0, 0]

4-1: [21, 0, 0, 0]
4-2: [2, 0, 100, 0]
4-3: [0, 0, 65436, 0]
4-4: [23, 65436, 0, 0]

5-1: [15, 0, 0, 0]
5-2: [24, 65436, 0, 0]
5-3: [20, 100, 0, 0]
5-4: [65535, 0, 0, 0]

6-1: [0, 0, 65436, 0]
6-2: [2, 0, 100, 0]
6-3: [21, 0, 0, 0]
6-4: [27, 45, 0, 0]

7-1: [0, 0, 65436, 0]
7-2: [2, 0, 100, 0]
7-3: [22, 0, 0, 0]
7-4: [26, 7, 65529, 0]

8-1: [10, 0, 0, 0]
8-2: [6, 100, 0, 0]
8-3: [1, 0, 65436, 0]
8-4: [65535, 0, 0, 0]

9-1: [10, 0, 0, 0]
9-2: [18, 100, 0, 0]
9-3: [1, 0, 65436, 0]
9-4: [65535, 0, 0, 0]

10-1: [0, 0, 0, 0]
10-2: [0, 0, 0, 0]
10-3: [0, 0, 0, 0]
10-4: [0, 0, 0, 0]

11-1: [0, 0, 0, 0]
11-2: [0, 0, 0, 0]
11-3: [0, 0, 0, 0]
11-4: [0, 0, 0, 0]

12-1: [0, 0, 0, 0]
12-2: [0, 0, 0, 0]
12-3: [0, 0, 0, 0]
12-4: [0, 0, 0, 0]

13-1: [0, 0, 0, 0]
13-2: [0, 0, 0, 0]
13-3: [0, 0, 0, 0]
13-4: [0, 0, 0, 0]

