1-1: [2, 0, 0, 0]
1-2: [3, 150, 30, 0]
1-3: [-1, 0, 0, 0]
1-4: [-1, 0, 0, 0]

2-1: [1, 10, 65, 0]
2-2: [5, 120, 60, 90]
2-3: [9, 200, 200, 0]
2-4: [-1, 0, 0, 0]

3-1: [2, 0, 0, 0]
3-2: [3, 150, 30, 0]
3-3: [4, 100, 20, 0]
3-4: [-1, 0, 0, 0]

4-1: [0, 0, 0, 90]
4-2: [1, 200, 70, 45]
4-3: [8, 50, 150, 0]
4-4: [-1, 0, 0, 0]

5-1: [2, 0, 0, 0]
5-2: [6, 150, 30, 0]
5-3: [10, 170, 90, 30]
5-4: [-1, 0, 0, 0]

6-1: [9, 0, 0, 0]
6-2: [3, 150, 30, 40]
6-3: [4, 130, 45, 0]
6-4: [-1, 0, 0, 0]

7-1: [2, 0, 0, 0]
7-2: [7, 100, 130, 0]
7-3: [8, 50, 20, 180]
7-4: [-1, 0, 0, 0]

8-1: [2, 0, 0, 0]
8-2: [3, 150, 30, 0]
8-3: [-1, 0, 0, 0]
8-4: [-1, 0, 0, 0]

9-1: [2, 0, 0, 0]
9-2: [4, 150, 30, 0]
9-3: [0, 300, 200, 0]
9-4: [10, 80, 120, 0]

10-1: [0, 0, 0, 0]
10-2: [6, 150, 30, 0]
10-3: [4, 200, 50, 90]
10-4: [-1, 0, 0, 0]

11-1: [2, 0, 0, 0]
11-2: [3, 150, 30, 0]
11-3: [10, 200, 70, 70]
11-4: [-1, 0, 0, 0]

12-1: [1, 0, 0, 0]
12-2: [3, 150, 30, 0]
12-3: [-1, 0, 0, 0]
12-4: [-1, 0, 0, 0]

13-1: [2, 0, 0, 0]
13-2: [5, 150, 30, 0]
13-3: [1, 300, 250, 0]
13-4: [7, 140, 180, 0]

