[3, 150, 30, 0]

Vega-1-2 - Escort a Drayman to Nav 2 via Nav 1
         TC: Drayman (P);  N1: 2 Salthi;  N2: 3 Dralthi
         VP: Nav 1 (2), Nav 2 (2), Save Drayman (5)
         Total VP: 9, Winning VP: 5
         
SM1-1-2 - Strike against a freighter and troop transport
         TC: 3 Krant, 2 Gratha; N1: 4 Salthi & Lumbari; N2: 2 Krant & Dorkir
         VP: Lumbari (5), Dorkir (5)
         Total VP: 10, Winning VP: 10

Enyo:
02 00 00 00 00 00 00 00
03 00 96 00 1E 00 00 00
x
x

01 00 0A 00 41 00 00 00
05 00 78 00 3C 00 5A 00
09 00 C8 00 C8 00 00 00
FF FF 00 00 00 00 00 00

02 00 00 00 00 00 00 00
03 00 96 00 1E 00 00 00
04 00 64 00 14 00 00 00
FF FF 00 00 00 00 00 00

00 00 00 00 00 00 5A 00
01 00 C8 00 46 00 2D 00
08 00 32 00 96 00 00 00
FF FF 00 00 00 00 00 00

02 00 00 00 00 00 00 00
06 00 96 00 1E 00 00 00
0A 00 AA 00 5A 00 1E 00
FF FF 00 00 00 00 00 00

09 00 00 00 00 00 00 00
03 00 96 00 1E 00 28 00
04 00 82 00 2D 00 00 00
FF FF 00 00 00 00 00 00

02 00 00 00 00 00 00 00
07 00 64 00 82 00 00 00
08 00 32 00 14 00 B4 00
FF FF 00 00 00 00 00 00

02 00 00 00 00 00 00 00
03 00 96 00 1E 00 00 00
FF FF 00 00 00 00 00 00
FF FF 00 00 00 00 00 00

02 00 00 00 00 00 00 00
04 00 96 00 1E 00 00 00
00 00 2C 01 C8 00 00 00
0A 00 50 00 78 00 00 00

00 00 00 00 00 00 00 00
06 00 96 00 1E 00 00 00
04 00 C8 00 32 00 5A 00
FF FF 00 00 00 00 00 00

02 00 00 00 00 00 00 00
03 00 96 00 1E 00 00 00
0A 00 C8 00 46 00 46 00
FF FF 00 00 00 00 00 00

01 00 00 00 00 00 00 00
03 00 96 00 1E 00 00 00
FF FF 00 00 00 00 00 00
FF FF 00 00 00 00 00 00

02 00 00 00 00 00 00 00
05 00 96 00 1E 00 00 00
01 00 2C 01 FA 00 00 00
07 00 8C 00 B4 00 00 00